(255,0,0) (255,0,0) (255,0,0) (255,0,0) (255,0,0) (255,0,0) (255,0,0) (255,0,0) (255,0,0) (255,0,0) 
(255,64,0) (255,64,0) (255,64,0) (255,64,0) (255,64,0) (255,64,0) (255,64,0) (255,64,0) (255,64,0) (255,64,0) 
(255,128,0) (255,128,0) (255,128,0) (255,128,0) (255,128,0) (255,128,0) (255,128,0) (255,128,0) (255,128,0) (255,128,0) 
(255,191,0) (255,191,0) (255,191,0) (255,191,0) (255,191,0) (255,191,0) (255,191,0) (255,191,0) (255,191,0) (255,191,0) 
(255,255,0) (255,255,0) (255,255,0) (255,255,0) (255,255,0) (255,255,0) (255,255,0) (255,255,0) (255,255,0) (255,255,0) 
(191,255,0) (191,255,0) (191,255,0) (191,255,0) (191,255,0) (191,255,0) (191,255,0) (191,255,0) (191,255,0) (191,255,0) 
(128,255,0) (128,255,0) (128,255,0) (128,255,0) (128,255,0) (128,255,0) (128,255,0) (128,255,0) (128,255,0) (128,255,0) 
(64,255,0) (64,255,0) (64,255,0) (64,255,0) (64,255,0) (64,255,0) (64,255,0) (64,255,0) (64,255,0) (64,255,0) 
(0,255,0) (0,255,0) (0,255,0) (0,255,0) (0,255,0) (0,255,0) (0,255,0) (0,255,0) (0,255,0) (0,255,0) 
(0,255,64) (0,255,64) (0,255,64) (0,255,64) (0,255,64) (0,255,64) (0,255,64) (0,255,64) (0,255,64) (0,255,64) 
(0,255,128) (0,255,128) (0,255,128) (0,255,128) (0,255,128) (0,255,128) (0,255,128) (0,255,128) (0,255,128) (0,255,128) 
(0,255,191) (0,255,191) (0,255,191) (0,255,191) (0,255,191) (0,255,191) (0,255,191) (0,255,191) (0,255,191) (0,255,191) 
(0,255,255) (0,255,255) (0,255,255) (0,255,255) (0,255,255) (0,255,255) (0,255,255) (0,255,255) (0,255,255) (0,255,255) 
(0,191,255) (0,191,255) (0,191,255) (0,191,255) (0,191,255) (0,191,255) (0,191,255) (0,191,255) (0,191,255) (0,191,255) 
(0,128,255) (0,128,255) (0,128,255) (0,128,255) (0,128,255) (0,128,255) (0,128,255) (0,128,255) (0,128,255) (0,128,255) 
(0,64,255) (0,64,255) (0,64,255) (0,64,255) (0,64,255) (0,64,255) (0,64,255) (0,64,255) (0,64,255) (0,64,255) 
(0,0,255) (0,0,255) (0,0,255) (0,0,255) (0,0,255) (0,0,255) (0,0,255) (0,0,255) (0,0,255) (0,0,255) 
(64,0,255) (64,0,255) (64,0,255) (64,0,255) (64,0,255) (64,0,255) (64,0,255) (64,0,255) (64,0,255) (64,0,255) 
(128,0,255) (128,0,255) (128,0,255) (128,0,255) (128,0,255) (128,0,255) (128,0,255) (128,0,255) (128,0,255) (128,0,255) 
(191,0,255) (191,0,255) (191,0,255) (191,0,255) (191,0,255) (191,0,255) (191,0,255) (191,0,255) (191,0,255) (191,0,255) 
(255,0,255) (255,0,255) (255,0,255) (255,0,255) (255,0,255) (255,0,255) (255,0,255) (255,0,255) (255,0,255) (255,0,255) 
(255,0,191) (255,0,191) (255,0,191) (255,0,191) (255,0,191) (255,0,191) (255,0,191) (255,0,191) (255,0,191) (255,0,191) 
(255,0,128) (255,0,128) (255,0,128) (255,0,128) (255,0,128) (255,0,128) (255,0,128) (255,0,128) (255,0,128) (255,0,128) 
(255,0,64) (255,0,64) (255,0,64) (255,0,64) (255,0,64) (255,0,64) (255,0,64) (255,0,64) (255,0,64) (255,0,64) 
(255,0,0) (255,0,0) (255,0,0) (255,0,0) (255,0,0) (255,0,0) (255,0,0) (255,0,0) (255,0,0) (255,0,0) 